100
1.01559 3.36549 1999.12098
491.57062 1.05941 1979.98916
273.831 1.80514 166.1
276.00000 4.00000 303.00000
1.01217 3.04757 1999.74411
266.16406 2.28987 176.18440
496.80526 1.14179 1930.86129
350.06 1.75 1957.41
326.31196 2.58857 1624.96629
494.91538 1.24356 1905.89151
495.29252 1.29584 1926.45816
490.33049 1.26260 1916.09108
496.24996 1.44574 1979.78175
492.23111 1.44773 1998.83173
350.03352 3.76567 687.84763
415.00000 2.00000 830.00000
86.00000 2.00000 172.00000
477.50833 1.9 845.99
490.66416 1.02953 1965.81717
159.74172 3.97889 1357.368
27.573 3.21 702.97641
495.08933 1.28832 1991.98226
192.78411 3.52367 85.90513
469.00000 3.00000 478.00000
62.0 3.0 1810.0
204.04 1.0654 804.0
164.11486 1.92739 894.88376
201.0 2.0 659.0
201.41 4.00 789.54
255.00000 2.00000 299.00000
23.0 3.0 734.0
480.00000 2.00000 960.00000
317.31944 3.09897 964.77815
497.06559 1.10889 1949.15890
422.0 1.0 1178.0
500.0 2.36122 1732.0
193.36080 3.74852 641.90617
349.76361 3.80537 125.53533
121.102 2.08306 1170.44
497.0 1.0 565.0
496.40916 1.01089 1994.93797
292.9 3.21 5.7
1.04895 3.48186 1999.67646
240.70090 3.89127 722.92905
165.07842 3.60100 1192.43680
416.00000 2.00000 832.00000
479.73808 1.77933 1476.37328
89.0 4.0 1333.0
491.29304 1.42102 1954.40043
150.83096 2.76017 93.09909
493.26323 1.08211 1949.12174
497.08302 1.15499 1927.90958
498.84109 1.45733 1941.88200
492.30989 1.40762 1964.84400
498.97593 1.10814 1991.62086
492.25035 1.44991 1934.89731
498.84888 1.45703 1977.02772
276.0 2.09035 178.0
384.57542 2.35632 346.79542
498.79551 1.08002 1965.18719
3.0 4.0 423.0
461.46668 3.59171 1540.01879
253.0 3.0 1093.0
1.0 3.39 1157.66
492.76752 1.16832 1980.45033
498.15052 1.29896 1955.62865
490.88704 1.27439 1947.07020
1.02840 3.09495 1999.13407
61.96575 3.28777 1289.71583
490.04984 1.10258 1959.60816
492.93307 1.44750 1983.63885
297.0 2.0 762.0
492.20195 1.34944 1983.74714
271.00000 2.00000 310.00000
498.70419 1.26458 1926.52496
226.8931 3.34021 1.0
139.59751 1.29930 1335.73907
1.26604 3.84469 2.10646
495.21755 1.05054 1952.00682
497.83859 1.42192 1985.29706
8.92479 1.16508 815.98126
496.12867 1.15121 1956.84484
236.259 3.0 2000.0
51.90 1.000 235.8597
490.94851 1.12492 1984.16328
494.96585 1.25964 1961.24847
495.25623 1.46791 1907.66647
367.0 3.0 139.0
489.52035 1.97307 1589.71701
497.54647 1.26373 1954.18333
429.45226 3.1 1936.3835
195.37198 3.85517 1209.43602
492.62551 1.12056 1983.93343
344.94 1.8 489.57
339.0 1.0 1908.0
185.31475 3.48185 96.44269
314.33594 3.27258 914.82552
216.0 3.009 1606.26
350.0 4.0 686.0
182.0 3.0 940.0
